seq01_02 756.026 756.832 270.418 492.889
seq01_03 756.026 756.832 270.419 492.889
seq01_04 758.792 760.052 266.208 485.694
seq01_05 759.611 760.513 268.301 491.445
seq01_06 759.611 760.513 268.301 491.445
seq02_02 758.792 760.051 266.208 485.693
seq02_03 756.026 756.832 270.419 492.889
seq02_04 756.026 756.832 270.419 492.889
seq02_05 755.581 756.525 269.186 488.945
seq02_06 759.507 760.646 268.339 487.215
seq02_07 759.507 760.646 268.339 487.215
seq02_08 756.026 756.832 270.419 492.889
seq03_02 756.026 756.832 270.418 492.889
seq03_03 756.026 756.832 270.419 492.889
seq03_04 756.026 756.832 270.419 492.889
seq03_05 756.026 756.832 270.419 492.889
seq03_06 758.792 760.052 266.208 485.694
seq03_07 756.026 756.832 270.419 492.889
seq04_02 756.026 756.832 270.418 492.889
seq04_03 756.026 756.832 270.419 492.889
seq04_04 756.026 756.832 270.419 492.889
seq04_05 756.026 756.832 270.419 492.889
seq04_06 756.026 756.832 270.419 492.889
seq04_07 756.026 756.832 270.419 492.889
seq04_08 756.026 756.832 270.419 492.889
seq04_09 756.026 756.832 270.419 492.889
seq04_10 760.420 761.683 268.748 486.778
seq05_02 760.420 761.683 268.747 486.778
seq05_03 756.026 756.832 270.419 492.889
seq05_04 756.026 756.832 270.419 492.889
seq05_05 758.792 760.052 266.208 485.694
seq06_02 756.026 756.832 270.418 492.889
seq06_03 756.026 756.832 270.419 492.889
seq06_04 756.026 756.832 270.419 492.889
seq06_05 756.026 756.832 270.419 492.889
seq06_06 756.026 756.832 270.419 492.889
seq06_07 756.026 756.832 270.419 492.889
seq06_08 756.026 756.832 270.419 492.889
seq06_09 756.026 756.832 270.419 492.889
seq06_10 756.026 756.832 270.419 492.889
seq06_11 756.026 756.832 270.419 492.889
seq06_12 758.792 760.052 266.208 485.694
seq07_02 760.420 761.683 268.747 486.778
seq07_03 760.420 761.683 268.748 486.778
seq07_04 760.420 761.683 268.748 486.778
seq07_05 759.611 760.513 268.301 491.445
seq07_06 759.611 760.513 268.301 491.445
seq07_07 759.507 760.646 268.339 487.215
seq07_08 759.507 760.646 268.339 487.215
seq08_02 757.958 759.273 263.450 490.819
seq08_03 759.507 760.646 268.339 487.215
seq08_04 758.754 759.788 269.799 489.091
seq08_05 759.507 760.646 268.339 487.215
seq09_02 758.792 760.051 266.208 485.693
seq09_03 758.792 760.052 266.208 485.694
seq09_04 758.792 760.052 266.208 485.694
seq09_05 758.792 760.052 266.208 485.694
seq10_02 756.026 756.832 270.418 492.889
seq10_03 756.026 756.832 270.419 492.889
seq10_04 756.026 756.832 270.419 492.889
seq10_05 756.026 756.832 270.419 492.889
seq10_06 755.581 756.525 269.186 488.945
seq10_07 756.026 756.832 270.419 492.889
seq10_08 759.611 760.513 268.301 491.445